Rk,Season,Lg,ATL,BOS,BRK,CHA,CHI,CLE,DAL,DEN,DET,GSW,HOU,IND,LAC,LAL,MEM,MIA,MIL,MIN,NOP,NYK,OKC,ORL,PHI,PHO,POR,SAC,SAS,TOR,UTA,WAS
2,2012-13,NBA,44,41,49,21,45,24,41,57,29,47,45,49,56,45,56,66,38,31,27,54,60,20,34,25,33,28,58,34,43,29
3,2011-12,NBA,40,39,22,7,50,21,36,38,25,23,34,42,40,41,41,46,31,26,21,36,47,37,35,33,28,22,50,23,36,20
4,2010-11,NBA,44,56,24,34,62,19,57,50,30,36,43,37,32,57,46,58,35,17,46,42,55,52,41,40,48,24,61,22,39,23
5,2009-10,NBA,53,50,12,44,41,61,55,53,27,26,42,32,29,57,40,47,46,15,37,29,50,59,27,54,50,25,50,40,53,26
6,2008-09,NBA,47,62,34,35,41,66,50,54,39,29,53,36,19,65,24,43,34,24,49,32,23,59,41,46,54,17,54,33,48,19
7,2007-08,NBA,37,66,34,32,33,45,51,50,59,48,55,36,23,57,22,15,26,22,56,23,20,52,40,55,41,38,56,41,54,43
8,2006-07,NBA,30,24,41,33,49,50,67,45,53,42,52,35,40,42,22,44,28,32,39,33,31,40,35,61,32,33,58,47,51,41
9,2005-06,NBA,26,33,49,26,41,50,60,44,64,34,34,41,47,45,49,52,40,33,38,23,35,36,38,54,21,44,63,27,41,42
10,2004-05,NBA,13,45,42,18,47,42,58,49,54,34,51,44,37,34,45,59,30,44,18,33,52,36,43,62,27,50,59,33,26,45
11,2003-04,NBA,28,36,47,,23,35,52,43,54,37,45,61,28,56,50,42,41,58,41,39,37,21,33,29,41,55,57,33,42,25
12,2002-03,NBA,35,44,49,,30,17,60,17,50,38,43,48,27,50,28,25,42,51,47,37,40,42,48,44,50,59,60,24,47,37
13,2001-02,NBA,33,49,52,,21,29,57,27,50,21,28,42,39,58,23,36,41,50,44,30,45,44,43,36,49,61,58,42,44,37
14,2000-01,NBA,25,36,26,,15,30,53,40,32,17,45,41,31,56,23,50,52,47,46,48,44,43,56,51,50,55,58,47,53,19
15,1999-00,NBA,28,35,31,,17,32,40,35,42,19,34,56,15,67,22,52,42,50,49,50,45,41,49,53,59,44,53,45,55,29
16,1998-99,NBA,31,19,16,,13,22,19,14,29,21,31,33,9,31,8,33,28,25,26,27,25,33,28,27,35,27,37,23,37,18
17,1997-98,NBA,50,36,43,,62,47,20,11,37,19,41,58,17,61,19,55,36,45,51,43,61,41,31,56,46,27,56,16,62,42
18,1996-97,NBA,56,15,26,,69,42,24,21,54,30,57,39,36,56,14,61,33,40,54,57,57,45,22,40,49,34,20,30,64,44
19,1995-96,NBA,46,33,30,,72,47,26,35,46,36,48,52,29,53,15,42,25,26,41,47,64,60,18,41,44,39,59,21,55,39
20,1994-95,NBA,42,35,30,,47,43,36,41,28,26,47,52,17,48,,32,34,21,50,55,57,57,24,59,44,39,62,,60,21
21,1993-94,NBA,57,32,45,,55,47,13,42,20,50,58,47,27,33,,42,20,20,41,57,63,50,25,56,47,28,55,,53,24
22,1992-93,NBA,43,48,43,,57,54,11,36,40,34,55,41,41,39,,36,28,19,44,60,55,41,26,62,51,25,49,,47,22
23,1991-92,NBA,38,51,40,,67,57,22,24,48,55,42,40,45,43,,38,31,15,31,51,47,21,35,53,57,29,47,,55,25
24,1990-91,NBA,43,56,26,,61,33,28,20,50,44,52,41,31,58,,24,48,29,26,39,41,31,44,55,63,25,55,,54,30
25,1989-90,NBA,41,52,17,,55,42,47,43,59,37,41,42,30,63,,18,44,22,19,45,41,18,53,54,59,23,56,,55,31
26,1988-89,NBA,52,42,26,,47,57,38,44,63,43,45,28,21,57,,15,49,,20,52,47,,46,55,39,27,21,,51,40
27,1987-88,NBA,50,57,19,,50,42,53,54,54,20,46,38,17,62,,,42,,,38,44,,36,28,53,24,31,,47,38
28,1986-87,NBA,57,59,24,,40,31,55,37,52,42,42,41,12,65,,,50,,,24,39,,45,36,49,29,28,,44,42
29,1985-86,NBA,50,67,39,,30,29,44,47,46,30,51,26,32,62,,,57,,,23,31,,54,32,40,37,35,,42,39
30,1984-85,NBA,34,63,42,,38,36,44,52,46,22,48,22,31,62,,,59,,,24,31,,58,36,42,31,41,,41,40
31,1983-84,NBA,40,62,45,,27,28,43,38,49,37,29,26,30,54,,,50,,,47,42,,52,41,48,38,37,,45,35
32,1982-83,NBA,43,56,49,,28,23,38,45,37,30,14,20,25,58,,,51,,,44,48,,65,53,46,45,53,,30,42
33,1981-82,NBA,42,63,44,,34,15,28,46,39,45,46,35,17,57,,,55,,,33,52,,58,46,42,30,48,,25,43
34,1980-81,NBA,31,62,24,,45,28,15,37,21,39,40,44,36,54,,,60,,,50,34,,62,57,45,40,52,,28,39